datos=[
 13.00	   3748.00
12.59	   3746.60
12.58	   3746.90
12.57	   3748.00
12.56	   3747.10
12.55	   3747.50
12.53	   3748.00
12.52	   3747.50
12.51	   3747.45
12.50	   3747.45
12.49	   3748.30
12.48	   3748.50
12.47	   3747.65
12.44	   3748.23
12.41	   3747.45
12.40	   3747.20
12.38	   3747.55
12.36	   3749.00
12.35	   3747.80
12.34	   3746.90
12.33	   3746.50
12.32	   3746.05
12.31	   3746.40
12.30	   3746.50
12.28	   3746.25
12.27	   3746.50
12.26	   3745.50
12.25	   3747.00
12.24	   3746.90
12.23	   3746.60
12.22	   3746.60
12.21	   3746.50
12.20	   3747.00
12.17	   3746.00
12.13	   3746.43
12.12	   3747.00
12.11	   3747.90
12.10	   3748.78
12.09	   3748.70
12.07	   3749.00
12.06	   3749.99
12.05	   3749.00
12.04	   3748.90
12.00	   3747.75
11.59	   3745.50
11.58	   3747.00
11.57	   3746.55
11.56	   3745.53
11.55	   3745.15
11.53	   3745.50
11.52	   3746.25
11.50	   3746.00
11.49	   3747.45
11.48	   3747.00
11.47	   3748.00
11.46	   3748.00
11.45	   3748.01
11.44	   3747.05
11.43	   3747.30
11.42	   3748.50
11.41	   3750.00
11.40	   3748.50
11.39	   3748.50
11.36	   3752.45
11.35	   3752.49
11.34	   3752.46
11.33	   3752.90
11.31	   3747.60
11.30	   3748.80
11.29	   3748.10
11.28	   3749.50
11.27	   3749.50
11.26	   3752.00
11.25	   3751.00
11.24	   3749.60
11.23	   3750.55
11.22	   3752.10
11.21	   3753.50
11.20	   3753.00
11.19	   3752.00
11.17	   3750.00
11.16	   3748.00
11.15	   3745.00
11.13	   3740.00
11.12	   3744.00
11.11	   3746.00
11.10	   3744.00
11.09	   3744.51
11.08	   3745.00
11.07	   3745.00
11.06	   3743.50
11.05	   3742.50
11.03	   3743.00
11.02	   3742.00
11.00	   3741.00
10.59	   3743.50
10.58	   3742.00
10.57	   3739.35
10.55	   3738.00
10.54	   3738.00
10.53	   3738.50
10.52	   3739.00
10.50	   3739.30
10.49	   3739.75
10.48	   3740.60
10.47	   3739.00
10.46	   3738.00
10.45	   3736.15
10.44	   3738.25
10.43	   3738.85
10.42	   3738.85
10.41	   3738.30
10.40	   3735.10
10.39	   3738.00
10.38	   3737.00
10.37	   3735.00
10.36	   3734.50
10.35	   3732.60
10.34	   3733.00
10.33	   3731.50
10.32	   3729.48
10.30	   3728.00
10.29	   3728.00
10.28	   3728.00
10.27	   3727.10
10.26	   3727.90
10.25	   3727.86
10.24	   3727.00
10.23	   3727.15
10.22	   3727.75
10.21	   3727.50
10.20	   3725.50
10.19	   3727.15
10.18	   3727.85
10.17	   3726.70
10.16	   3727.25
10.15	   3729.50
10.13	   3729.50
10.12	   3728.00
10.11	   3728.00
10.10	   3726.90
10.09	   3725.05
10.08	   3726.28
10.06	   3724.30
10.05	   3724.35
10.03	   3727.75
10.02	   3726.50
10.01	   3724.90
09.59	   3725.35
09.58	   3727.00
09.57	   3726.90
09.56	   3726.70
09.55	   3723.05
09.54	   3723.90
09.53	   3728.90
09.52	   3729.95
09.51	   3729.25
09.50	   3729.00
09.49	   3728.00
09.48	   3728.85
09.47	   3728.45
09.46	   3729.40
09.45	   3728.80
09.44	   3728.20
09.43	   3728.90
09.42	   3729.05
09.41	   3730.25
09.40	   3731.00
09.39	   3729.50
09.38	   3731.00
09.37	   3730.00
09.36	   3730.00
09.35	   3729.45
09.34	   3729.75
09.33	   3729.00
09.32	   3728.45
09.30	   3728.10
09.29	   3728.15
09.28	   3728.00
09.26	   3726.90
09.25	   3727.15
09.24	   3728.25
09.23	   3726.55
09.22	   3725.08
09.21	   3724.45
09.20	   3725.00
09.19	   3725.00
09.18	   3727.95
09.16	   3726.00
09.14	   3728.99
09.13	   3728.80
09.12	   3728.99
09.11	   3726.75
09.10	   3724.00
09.09	   3723.70
09.08	   3722.50
09.06	   3721.40
09.05	   3722.10
09.04	   3722.45
09.03	   3723.00
09.02	   3723.85
09.01	   3721.50
09.00	   3725.00
08.59	   3727.00
08.58	   3727.50
08.57	   3725.90
08.56	   3729.00
08.55	   3729.00
08.54	   3728.80
08.53	   3725.00
08.52	   3725.00
08.50	   3725.10
08.49	   3725.10
08.48	   3727.95
08.47	   3727.95
08.46	   3727.90
08.45	   3725.75
08.43	   3725.00
08.42	   3723.00
08.41	   3722.00
08.40	   3723.50
08.39	   3722.00
08.37	   3721.00
08.36	   3719.95
08.35	   3716.95
08.34	   3715.00
08.33	   3714.50
08.32	   3714.00
08.30	   3712.50
08.29	   3712.90
08.28	   3713.00
08.27	   3713.00
08.26	   3714.75
08.25	   3714.00
08.24	   3714.60
08.23	   3714.70
08.22	   3714.70
08.21	   3713.50
08.20	   3713.88
08.19	   3713.50
08.18	   3710.50
08.17	   3707.10
08.16	   3709.05
08.15	   3712.50
08.14	   3712.00
08.13	   3712.00
08.12	   3710.50
08.11	   3712.00
08.10	   3710.00
08.09	   3713.00
08.08	   3712.00
08.07	   3713.00
08.06	   3718.00
08.05	   3718.00
08.04	   3718.00
08.03	   3720.00
08.02	   3720.00
08.01	   3725.00
08.00	   3725.50
];