datos=[
2020-06-10	4.00686287
2020-06-10	4.13323087
2020-06-10	5.92361527
2020-06-10	6.02882732
2020-06-10	4.24322348868557
2020-06-10	3.59
2020-06-10	3.59
2020-06-10	3.25503229
2020-06-10	0.96669661
2020-06-10	2.83460917
2020-06-10	3.22802307
2020-06-10	3.83943856
2020-06-10	5.02548966
2020-06-10	4.25491517
2020-06-10	3.35
2020-06-10	3.85956623504959
2020-06-10	4.06231471
2020-06-10	5.92439537
2020-06-10	4.63095521
2020-06-10	4.04
2020-06-10	4.11385234
2020-06-10	4.19607313
2020-06-10	4.99711045
2020-06-10	5.63
2020-06-10	4.2258191
2020-06-10	4.15150358
2020-06-10	4.77628716
2020-06-10	4.52022518
2020-06-10	4.18676644
2020-06-10	4.1882401
2020-06-10	6.08696125
2020-06-10	5.22237665
2020-06-10	4.08
2020-06-10	4.2817669
2020-06-10	2.8051493
2020-06-10	0.87756901
2020-06-10	0.9044586
2020-06-10	3.25
2020-06-10	2.62399512
2020-06-10	2.60641281
2020-06-10	0.66315789
2020-06-10	2.30078528
2020-06-10	2.9093996
2020-06-10	0.44066667
2020-06-10	1.11307136
2020-06-10	3.35
2020-06-10	2.77997326
2020-06-10	3.86498965
2020-06-10	4.45235236
2020-06-10	4.43728759
2020-06-10	3.88972788
2020-06-10	4.74158762
2020-06-10	6.02339629
2020-06-10	6.19919593
2020-06-10	5.58
2020-06-10	4.76577234
2020-06-11	1.01
2020-06-11	1.01
2020-06-11	2.17951076
2020-06-11	0.1
2020-06-11	2.09878731
2020-06-11	3.91
2020-06-11	3.91
2020-06-11	1.39040839
2020-06-11	0.1
2020-06-11	0.96167118
2020-06-11	1.4
2020-06-11	0.1
2020-06-11	1.32003065
2020-06-11	2.11966255
2020-06-11	2.11966255
2020-06-11	3.72
2020-06-11	3.72
2020-06-11	3.80408742
2020-06-11	5.29781564
2020-06-11	4.49866461
2020-06-11	3.83590651
2020-06-11	4.13470243
2020-06-11	4.94024116
2020-06-11	4.89173099
2020-06-11	4.25
2020-06-11	4.18080295677894
2020-06-11	2.97677143
2020-06-11	0.37
2020-06-11	1.50777146
2020-06-11	2.80335413
2020-06-11	4.6801446
2020-06-11	4.87843831
2020-06-11	6.09034573
2020-06-11	4.69176050396112
2020-06-11	2.86309966
2020-06-11	3.20994926
2020-06-11	2.89885072
2020-06-11	3.88637985
2020-06-11	4.53159822
2020-06-11	4.61159871
2020-06-11	4.2
2020-06-11	3.3
2020-06-11	3.91430758758609
2020-06-11	4.01071788
2020-06-11	5.48169292
2020-06-11	4.83215524
2020-06-11	3.93
2020-06-11	4.07210394
2020-06-11	3.94675192
2020-06-11	4.32886264
2020-06-11	4.22
2020-06-11	3.3
2020-06-11	3.83554867
2020-06-11	4.57667869
2020-06-11	5.51662303
2020-06-11	4.61631616
2020-06-11	4
2020-06-11	4.59123102
2020-06-11	4.2533406
2020-06-11	5.92148656
2020-06-11	5.25677809
2020-06-11	3.7
2020-06-11	4.35090483
2020-06-11	2.11265538
2020-06-11	1.82513823
2020-06-11	2.03826823
2020-06-11	3.47594822
2020-06-11	1
2020-06-11	3.26449814
2020-06-11	3.28149223
2020-06-11	1.05
2020-06-11	3.27287618
2020-06-11	3.97273949
2020-06-11	5.06405332
2020-06-11	4.20829801
2020-06-11	3.97763491
2020-06-11	4.94995704
2020-06-11	5.64222978
2020-06-11	6.23338929
2020-06-11	5.22464718
2020-06-12	1.01
2020-06-12	1.01
2020-06-12	2.23401427
2020-06-12	0.45471585
2020-06-12	2.2004885
2020-06-12	3.89
2020-06-12	3.89
2020-06-12	1.37968541
2020-06-12	2
2020-06-12	1.46001093
2020-06-12	1.4
2020-06-12	0.1
2020-06-12	1.35677986
2020-06-12	2.48389772
2020-06-12	2.48389772
2020-06-12	3.72
2020-06-12	3.72
2020-06-12	4.4016217
2020-06-12	4.9172064
2020-06-12	4.50715126
2020-06-12	4.40516433
2020-06-12	4.09122734
2020-06-12	5.82725742
2020-06-12	5.07344373
2020-06-12	4.11760614051185
2020-06-12	3.0139107
2020-06-12	0.46885378
2020-06-12	1.81318513
2020-06-12	3.25
2020-06-12	2.93724649
2020-06-12	4.58793465
2020-06-12	4.98511656
2020-06-12	5.87712559
2020-06-12	4.63696350854475
2020-06-12	2.59285714
2020-06-12	2.59285714
2020-06-12	3.05648603
2020-06-12	2.4600816
2020-06-12	2.67866929
2020-06-12	3.25
2020-06-12	3.09725491
2020-06-12	3.77902128
2020-06-12	5.17986367
2020-06-12	4.48966187
2020-06-12	3.35
2020-06-12	3.78507388433923
2020-06-12	4.08158448
2020-06-12	6.27029314
2020-06-12	4.8826203
2020-06-12	4
2020-06-12	4.17865824
2020-06-12	3.77358585
2020-06-12	4.26425727
2020-06-12	5.63
2020-06-12	3.25
2020-06-12	3.81760233
2020-06-12	4.13073742
2020-06-12	5.49538245
2020-06-12	4.8975361
2020-06-12	4
2020-06-12	4.21697105
2020-06-12	4.48001211
2020-06-12	6.09523181
2020-06-12	5.28510164
2020-06-12	4.1
2020-06-12	4.73114689
2020-06-12	2.55968398
2020-06-12	1.05
2020-06-12	0.51014864
2020-06-12	2.51385018
2020-06-12	2.72979533
2020-06-12	0.39453732
2020-06-12	1
2020-06-12	2.44423319
2020-06-12	3.56728901
2020-06-12	2.58969557
2020-06-12	0.69937408
2020-06-12	3.56695254
2020-06-12	3.96363565
2020-06-12	3.96571657
2020-06-12	4.12776851
2020-06-12	3.96390172
2020-06-12	4.52696607
2020-06-12	5.05810513
2020-06-12	6.4159574
2020-06-12	5.59
2020-06-12	4.62909975
2020-06-16	1.01
2020-06-16	1.01
2020-06-16	3.47272011
2020-06-16	0.1
2020-06-16	3.44217914
2020-06-16	4.96
2020-06-16	4.96
2020-06-16	1.40573173
2020-06-16	1.40573173
2020-06-16	1.4
2020-06-16	0.1
2020-06-16	1.35051012
2020-06-16	3.82868837
2020-06-16	3.82868837
2020-06-16	4.31
2020-06-16	4.31
2020-06-16	3.80254833
2020-06-16	4.94952878
2020-06-16	4.61869366
2020-06-16	3.85874387
2020-06-16	4.00249249
2020-06-16	4.67451302
2020-06-16	5.17168359
2020-06-16	4.03333322282313
2020-06-16	2.98390035
2020-06-16	0.89817
2020-06-16	1.14902036
2020-06-16	2.91393104
2020-06-16	4.4451445
2020-06-16	4.6769987
2020-06-16	6.09358571
2020-06-16	3.65
2020-06-16	4.47673259510273
2020-06-16	3.5468904
2020-06-16	1
2020-06-16	3.50232171
2020-06-16	2.40980187
2020-06-16	0.5339902
2020-06-16	2.86107507
2020-06-16	2.43057007
2020-06-16	3.74626599
2020-06-16	4.03802103
2020-06-16	4.59258129
2020-06-16	4.2
2020-06-16	3.35
2020-06-16	3.76306905019072
2020-06-16	3.89767297
2020-06-16	5.58786294
2020-06-16	4.89737025
2020-06-16	3.35
2020-06-16	3.96601257
2020-06-16	4.00104349
2020-06-16	4.10537883
2020-06-16	4.2
2020-06-16	3.44
2020-06-16	3.76710662
2020-06-16	4.1954341
2020-06-16	4.89563672
2020-06-16	4.56525183
2020-06-16	4.26356619
2020-06-16	4.2718936
2020-06-16	5.25191719
2020-06-16	5.22242262
2020-06-16	3.55
2020-06-16	4.34479663
2020-06-16	2.65257187
2020-06-16	0.99936008
2020-06-16	0.55
2020-06-16	2.47414565
2020-06-16	3.03114999
2020-06-16	0.51
2020-06-16	0.37273632
2020-06-16	2.85159559
2020-06-16	3.38942849
2020-06-16	0.65875401
2020-06-16	0.8057804
2020-06-16	3.3
2020-06-16	3.30562116
2020-06-16	4.30895657
2020-06-16	3.53934333
2020-06-16	4.18437131
2020-06-16	4.19709546
2020-06-16	4.71163648
2020-06-16	5.50474167
2020-06-16	6.1260479
2020-06-16	4.25
2020-06-16	4.88411276
2020-06-17	1.01
2020-06-17	1.01
2020-06-17	2.36859096
2020-06-17	0.1
2020-06-17	2.11137967
2020-06-17	3.91
2020-06-17	3.91
2020-06-17	0.37963776
2020-06-17	0.37963776
2020-06-17	1.4
2020-06-17	0.1
2020-06-17	1.09326499
2020-06-17	2.73997074
2020-06-17	2.73997074
2020-06-17	3.67
2020-06-17	3.67
2020-06-17	4.09030277
2020-06-17	5.19601739
2020-06-17	4.59006731
2020-06-17	4.10793135
2020-06-17	4.24913988
2020-06-17	4.76800691
2020-06-17	5.15910899
2020-06-17	4.25
2020-06-17	4.29108301463522
2020-06-17	2.97103466
2020-06-17	0.87755085
2020-06-17	1.64995615
2020-06-17	2.85969078
2020-06-17	4.31295926
2020-06-17	4.71108215
2020-06-17	6.06414477
2020-06-17	4.34249944304151
2020-06-17	3.57796209
2020-06-17	3.57796209
2020-06-17	3.07747286
2020-06-17	0.51
2020-06-17	2.49117562
2020-06-17	3.06855102
2020-06-17	3.80627908
2020-06-17	4.60695655
2020-06-17	4.57708665
2020-06-17	3.65
2020-06-17	3.35
2020-06-17	3.80424885595189
2020-06-17	4.05214013
2020-06-17	5.71768942
2020-06-17	4.85415384
2020-06-17	3.38
2020-06-17	4.12040444
2020-06-17	3.794868
2020-06-17	4.24870271
2020-06-17	3.68
2020-06-17	3.32
2020-06-17	3.62462992
2020-06-17	4.25969504
2020-06-17	4.7563511
2020-06-17	4.71764365
2020-06-17	4.28648011
2020-06-17	4.52245775
2020-06-17	5.6330627
2020-06-17	5.17861307
2020-06-17	3.55
2020-06-17	4.56822912
2020-06-17	2.76465846
2020-06-17	0.51
2020-06-17	0.71
2020-06-17	2.33551075
2020-06-17	3.26420536
2020-06-17	0.51
2020-06-17	0.36
2020-06-17	3.18184574
2020-06-17	3.15759513
2020-06-17	2.98623156
2020-06-17	0.75833756
2020-06-17	3.35
2020-06-17	3.3
2020-06-17	3.29618731
