datos=[
2002-04	9.52
2002-05	8.5
2002-06	8.05
2002-07	7.58
2002-08	7.63
2002-09	7.55
2002-10	7.9
2002-11	7.54
2002-12	7.55
2003-01	7.73
2003-02	7.82
2003-03	7.39
2003-04	7.8
2003-05	7.52
2003-06	7.33
2003-07	7.79
2003-08	7.49
2003-09	7.56
2003-10	7.71
2003-11	7.59
2003-12	7.98
2004-01	7.96
2004-02	7.84
2004-03	7.55
2004-04	7.84
2004-05	7.56
2004-06	8.03
2004-07	7.57
2004-08	7.66
2004-09	7.87
2004-10	7.68
2004-11	7.52
2004-12	7.8
2005-01	7.27
2005-02	7.24
2005-03	7.02
2005-04	7.28
2005-05	7.12
2005-06	7.06
2005-07	7
2005-08	6.87
2005-09	6.68
2005-10	6.37
2005-11	6.32
2005-12	6.1
2006-01	5.93
2006-02	5.65
2006-03	5.6
2006-04	5.76
2006-05	6.01
2006-06	5.9
2006-07	6.21
2006-08	6.34
2006-09	5.87
2006-10	6.44
2006-11	6.05
2006-12	5.9
2007-01	7.15
2007-02	7.26
2007-03	7.96
2007-04	7.61
2007-05	6.67
2007-06	7.4
2007-07	7.73
2007-08	8.01
2007-09	8.73
2007-10	8.12
2007-11	7.45
2007-12	8.78
2008-01	9.22
2008-02	9.11
2008-03	7.7
2008-04	9.75
2008-05	9.21
2008-06	8.91
2008-07	9.53
2008-08	8.96
2008-09	9.62
2008-10	10.06
2008-11	10.19
2008-12	9.77
2009-01	9.82
2009-02	9.11
2009-03	7.68
2009-04	7.22
2009-05	5.66
2009-06	5.26
2009-07	4.73
2009-08	4.77
2009-09	4.62
2009-10	4.25
2009-11	4.32
2009-12	3.82
2010-01	3.99
2010-02	3.92
2010-03	3.77
2010-04	3.79
2010-05	3.49
2010-06	3.32
2010-07	3.36
2010-08	3.58
2010-09	3.29
2010-10	3.67
2010-11	3.47
2010-12	2.86
2011-01	3.37
2011-02	3.33
2011-03	3.6
2011-04	3.93
2011-05	3.95
2011-06	4.1
2011-07	4.24
2011-08	4.41
2011-09	4.53
2011-10	4.66
2011-11	4.72
2011-12	4.76
2012-01	4.39
2012-02	5.48
2012-03	5.47
2012-04	5.48
2012-05	5.26
2012-06	5.44
2012-07	5.52
2012-08	5.41
2012-09	5.52
2012-10	6.21
2012-11	5.1
2012-12	4.58
2013-01	4.94
2013-02	4.74
2013-03	4.47
2013-04	4.07
2013-05	3.98
2013-06	3.95
2013-07	3.76
2013-08	4.09
2013-09	4.03
2013-10	3.91
2013-11	4.06
2013-12	3.94
2014-01	3.87
2014-02	4.1
2014-03	3.79
2014-04	3.89
2014-05	3.66
2014-06	4.18
2014-07	3.91
2014-08	4.06
2014-09	4.2
2014-10	4.35
2014-11	4.34
2014-12	3.91
2015-01	4.49
2015-02	4.5
2015-03	4.27
2015-04	4.51
2015-05	4.16
2015-06	4.38
2015-07	4.17
2015-08	4.36
2015-09	4.4
2015-10	4.48
2015-11	4.96
2015-12	3.86
2016-01	5.64
2016-02	5.9
2016-03	6.39
2016-04	6.45
2016-05	6.99
2016-06	7
2016-07	6.75
2016-08	7.03
2016-09	7
2016-10	6.72
2016-11	6.51
2016-12	5.43
2017-01	6.94
2017-02	6.75
2017-03	6.22
2017-04	6.28
2017-05	5.77
2017-06	5.84
2017-07	5.35
2017-08	5.51
2017-09	5.44
2017-10	5.31
2017-11	5.35
2017-12	5.31
2018-01	5.05
2018-02	5.07
2018-03	5.04
2018-04	4.85
2018-05	4.63
2018-06	4.49
2018-07	4.6
2018-08	4.48
2018-09	4.65
2018-10	4.3
2018-11	4.42
2018-12	4.27
2019-01	4.56
2019-02	4.7
2019-03	4.06
2019-04	4.56
2019-05	4.38
2019-06	4.41
2019-07	4.38
2019-08	4.3
2019-09	4.33
2019-10	4.36
2019-11	4.32
2019-12	4.2
2020-01	4.48
2020-02	4.6
2020-03	4.32
2020-04	4.55
2020-05	4.02
];