datos=[
    2019-07-15  	4.66
2019-07-15  	4.66
2019-07-15  	4.66
2019-07-15  	4.66
2019-07-15  	4.66
2019-07-15  	4.66
2019-07-15  	5.25
2019-07-15  	5.25
2019-07-15  	5.25
2019-07-15  	5.25
2019-07-15  	5.25
2019-07-15  	5.25
2019-07-15  	5.25
2019-07-15  	4.4
2019-07-15  	4.4
2019-07-15  	4.4
2019-07-15  	4.4
2019-07-15  	4.4
2019-07-15  	4.4
2019-07-15  	4.4
2019-07-15  	4.11
2019-07-15  	4.11
2019-07-15  	4.11
2019-07-15  	4.11
2019-07-15  	4.11
2019-07-15  	4.11
2019-07-15  	4.11
2019-07-22  	4.68
2019-07-22  	4.68
2019-07-22  	4.68
2019-07-22  	4.68
2019-07-22  	4.68
2019-07-22  	4.68
2019-07-22  	4.68
2019-07-22  	5.25
2019-07-22  	5.25
2019-07-22  	5.25
2019-07-22  	5.25
2019-07-22  	5.25
2019-07-22  	5.25
2019-07-22  	5.25
2019-07-22  	4.43
2019-07-22  	4.43
2019-07-22  	4.43
2019-07-22  	4.43
2019-07-22  	4.43
2019-07-22  	4.43
2019-07-22  	4.43
2019-07-22  	3.95
2019-07-22  	3.95
2019-07-22  	3.95
2019-07-22  	3.95
2019-07-22  	3.95
2019-07-22  	3.95
2019-07-22  	3.95
2019-07-29  	4.73
2019-07-29  	4.73
2019-07-29  	4.73
2019-07-29  	4.73
2019-07-29  	4.73
2019-07-29  	4.73
2019-07-29  	4.73
2019-07-29  	5.26
2019-07-29  	5.26
2019-07-29  	5.26
2019-07-29  	5.26
2019-07-29  	5.26
2019-07-29  	5.26
2019-07-29  	5.26
2019-07-29  	4.51
2019-07-29  	4.51
2019-07-29  	4.51
2019-07-29  	4.51
2019-07-29  	4.51
2019-07-29  	4.51
2019-07-29  	4.51
2019-07-29  	3.95
2019-07-29  	3.95
2019-07-29  	3.95
2019-07-29  	3.95
2019-07-29  	3.95
2019-07-29  	3.95
2019-07-29  	3.95
2019-08-05  	4.67
2019-08-05  	4.67
2019-08-05  	4.67
2019-08-05  	4.67
2019-08-05  	4.67
2019-08-05  	4.67
2019-08-05  	4.67
2019-08-05  	5.23
2019-08-05  	5.23
2019-08-05  	5.23
2019-08-05  	5.23
2019-08-05  	5.23
2019-08-05  	5.23
2019-08-05  	5.23
2019-08-05  	4.52
2019-08-05  	4.52
2019-08-05  	4.52
2019-08-05  	4.52
2019-08-05  	4.52
2019-08-05  	4.52
2019-08-05  	4.52
2019-08-05  	4.8
2019-08-05  	4.8
2019-08-05  	4.8
2019-08-05  	4.8
2019-08-05  	4.8
2019-08-05  	4.8
2019-08-05  	4.8
2019-08-12  	4.72
2019-08-12  	4.72
2019-08-12  	4.72
2019-08-12  	4.72
2019-08-12  	4.72
2019-08-12  	4.72
2019-08-12  	4.72
2019-08-12  	5.24
2019-08-12  	5.24
2019-08-12  	5.24
2019-08-12  	5.24
2019-08-12  	5.24
2019-08-12  	5.24
2019-08-12  	5.24
2019-08-12  	4.45
2019-08-12  	4.45
2019-08-12  	4.45
2019-08-12  	4.45
2019-08-12  	4.45
2019-08-12  	4.45
2019-08-12  	4.45
2019-08-12  	3.95
2019-08-12  	3.95
2019-08-12  	3.95
2019-08-12  	3.95
2019-08-12  	3.95
2019-08-12  	3.95
2019-08-12  	3.95
2019-08-19  	4.68
2019-08-19  	4.68
2019-08-19  	4.68
2019-08-19  	4.68
2019-08-19  	4.68
2019-08-19  	4.68
2019-08-19  	4.68
2019-08-19  	5.26
2019-08-19  	5.26
2019-08-19  	5.26
2019-08-19  	5.26
2019-08-19  	5.26
2019-08-19  	5.26
2019-08-19  	5.26
2019-08-19  	4.44
2019-08-19  	4.44
2019-08-19  	4.44
2019-08-19  	4.44
2019-08-19  	4.44
2019-08-19  	4.44
2019-08-19  	4.44
2019-08-19  	3.95
2019-08-19  	3.95
2019-08-19  	3.95
2019-08-19  	3.95
2019-08-19  	3.95
2019-08-19  	3.95
2019-08-19  	3.95
2019-08-26  	4.7
2019-08-26  	4.7
2019-08-26  	4.7
2019-08-26  	4.7
2019-08-26  	4.7
2019-08-26  	4.7
2019-08-26  	4.7
2019-08-26  	5.25
2019-08-26  	5.25
2019-08-26  	5.25
2019-08-26  	5.25
2019-08-26  	5.25
2019-08-26  	5.25
2019-08-26  	5.25
2019-08-26  	4.4
2019-08-26  	4.4
2019-08-26  	4.4
2019-08-26  	4.4
2019-08-26  	4.4
2019-08-26  	4.4
2019-08-26  	4.4
2019-08-26  	4.5
2019-08-26  	4.5
2019-08-26  	4.5
2019-08-26  	4.5
2019-08-26  	4.5
2019-08-26  	4.5
2019-08-26  	4.5
2019-09-02  	4.69
2019-09-02  	4.69
2019-09-02  	4.69
2019-09-02  	4.69
2019-09-02  	4.69
2019-09-02  	4.69
2019-09-02  	4.69
2019-09-02  	5.33
2019-09-02  	5.33
2019-09-02  	5.33
2019-09-02  	5.33
2019-09-02  	5.33
2019-09-02  	5.33
2019-09-02  	5.33
2019-09-02  	4.45
2019-09-02  	4.45
2019-09-02  	4.45
2019-09-02  	4.45
2019-09-02  	4.45
2019-09-02  	4.45
2019-09-02  	4.45
2019-09-02  	3.95
2019-09-02  	3.95
2019-09-02  	3.95
2019-09-02  	3.95
2019-09-02  	3.95
2019-09-02  	3.95
2019-09-02  	3.95
2019-09-09  	4.72
2019-09-09  	4.72
2019-09-09  	4.72
2019-09-09  	4.72
2019-09-09  	4.72
2019-09-09  	4.72
2019-09-09  	4.72
2019-09-09  	5.31
2019-09-09  	5.31
2019-09-09  	5.31
2019-09-09  	5.31
2019-09-09  	5.31
2019-09-09  	5.31
2019-09-09  	5.31
2019-09-09  	4.51
2019-09-09  	4.51
2019-09-09  	4.51
2019-09-09  	4.51
2019-09-09  	4.51
2019-09-09  	4.51
2019-09-09  	4.51
2019-09-09  	3.95
2019-09-09  	3.95
2019-09-09  	3.95
2019-09-09  	3.95
2019-09-09  	3.95
2019-09-09  	3.95
2019-09-09  	3.95
2019-09-16  	4.77
2019-09-16  	4.77
2019-09-16  	4.77
2019-09-16  	4.77
2019-09-16  	4.77
2019-09-16  	4.77
2019-09-16  	4.77
2019-09-16  	5.31
2019-09-16  	5.31
2019-09-16  	5.31
2019-09-16  	5.31
2019-09-16  	5.31
2019-09-16  	5.31
2019-09-16  	5.31
2019-09-16  	4.51
2019-09-16  	4.51
2019-09-16  	4.51
2019-09-16  	4.51
2019-09-16  	4.51
2019-09-16  	4.51
2019-09-16  	4.51
2019-09-16  	3.95
2019-09-16  	3.95
2019-09-16  	3.95
2019-09-16  	3.95
2019-09-16  	3.95
2019-09-16  	3.95
2019-09-16  	3.95
2019-09-23  	4.73
2019-09-23  	4.73
2019-09-23  	4.73
2019-09-23  	4.73
2019-09-23  	4.73
2019-09-23  	4.73
2019-09-23  	4.73
2019-09-23  	5.22
2019-09-23  	5.22
2019-09-23  	5.22
2019-09-23  	5.22
2019-09-23  	5.22
2019-09-23  	5.22
2019-09-23  	5.22
2019-09-23  	4.4
2019-09-23  	4.4
2019-09-23  	4.4
2019-09-23  	4.4
2019-09-23  	4.4
2019-09-23  	4.4
2019-09-23  	4.4
2019-09-23  	4.72
2019-09-23  	4.72
2019-09-23  	4.72
2019-09-23  	4.72
2019-09-23  	4.72
2019-09-23  	4.72
2019-09-23  	4.72
2019-09-30  	4.73
2019-09-30  	4.73
2019-09-30  	4.73
2019-09-30  	4.73
2019-09-30  	4.73
2019-09-30  	4.73
2019-09-30  	4.73
2019-09-30  	5.19
2019-09-30  	5.19
2019-09-30  	5.19
2019-09-30  	5.19
2019-09-30  	5.19
2019-09-30  	5.19
2019-09-30  	5.19
2019-09-30  	4.51
2019-09-30  	4.51
2019-09-30  	4.51
2019-09-30  	4.51
2019-09-30  	4.51
2019-09-30  	4.51
2019-09-30  	4.51
2019-09-30  	3.95
2019-09-30  	3.95
2019-09-30  	3.95
2019-09-30  	3.95
2019-09-30  	3.95
2019-09-30  	3.95
2019-09-30  	3.95
2019-10-07  	4.69
2019-10-07  	4.69
2019-10-07  	4.69
2019-10-07  	4.69
2019-10-07  	4.69
2019-10-07  	4.69
2019-10-07  	4.69
2019-10-07  	5.21
2019-10-07  	5.21
2019-10-07  	5.21
2019-10-07  	5.21
2019-10-07  	5.21
2019-10-07  	5.21
2019-10-07  	5.21
2019-10-07  	4.44
2019-10-07  	4.44
2019-10-07  	4.44
2019-10-07  	4.44
2019-10-07  	4.44
2019-10-07  	4.44
2019-10-07  	4.44
2019-10-07  	3.95
2019-10-07  	3.95
2019-10-07  	3.95
2019-10-07  	3.95
2019-10-07  	3.95
2019-10-07  	3.95
2019-10-07  	3.95
2019-10-14  	4.63
2019-10-14  	4.63
2019-10-14  	4.63
2019-10-14  	4.63
2019-10-14  	4.63
2019-10-14  	4.63
2019-10-14  	4.63
2019-10-14  	5.27
2019-10-14  	5.27

2019-10-14  	5.27
2019-10-14  	5.27
2019-10-14  	5.27
2019-10-14  	4.37
2019-10-14  	4.37
2019-10-14  	4.37
2019-10-14  	4.37
2019-10-14  	4.37
2019-10-14  	4.37
2019-10-14  	4.37
2019-10-14  	4.11
2019-10-14  	4.11
2019-10-14  	4.11
2019-10-14  	4.11
2019-10-14  	4.11
2019-10-14  	4.11
2019-10-14  	4.11
2019-10-21  	4.65
2019-10-21  	4.65
2019-10-21  	4.65
2019-10-21  	4.65
2019-10-21  	4.65
2019-10-21  	4.65
2019-10-21  	4.65
2019-10-21  	5.18
2019-10-21  	5.18
2019-10-21  	5.18
2019-10-21  	5.18
2019-10-21  	5.18
2019-10-21  	5.18
2019-10-21  	5.18
2019-10-21  	4.38
2019-10-21  	4.38
2019-10-21  	4.38
2019-10-21  	4.38
2019-10-21  	4.38
2019-10-21  	4.38
2019-10-21  	4.38
2019-10-21  	3.95
2019-10-21  	3.95
2019-10-21  	3.95
2019-10-21  	3.95
2019-10-21  	3.95
2019-10-21  	3.95
2019-10-21  	3.95
2019-10-28  	4.74
2019-10-28  	4.74
2019-10-28  	4.74
2019-10-28  	4.74
2019-10-28  	4.74
2019-10-28  	4.74
2019-10-28  	4.74
2019-10-28  	5.26
2019-10-28  	5.26
2019-10-28  	5.26
2019-10-28  	5.26
2019-10-28  	5.26
2019-10-28  	5.26
2019-10-28  	5.26
2019-10-28  	4.46
2019-10-28  	4.46
2019-10-28  	4.46
2019-10-28  	4.46
2019-10-28  	4.46
2019-10-28  	4.46
2019-10-28  	4.46
2019-10-28  	3.95
2019-10-28  	3.95
2019-10-28  	3.95
2019-10-28  	3.95
2019-10-28  	3.95
2019-10-28  	3.95
2019-10-28  	3.95
2019-11-04  	4.68
